518437
645142
951277
769680
454803
690695
344218
392477
505846
538310
478192
952728
447857
654517
326518
436296
723653
646171
306939
758261
976563
865101
529320
468175
694154
323554
784313
415029
731053
230705
507281
829640
486693
893204
197470
604812
429951
654582
290458
953179
349957
629325
355536
939113
802950
761365
47370
928481
945185
2256
922340
157494
426182
344518
610777
251328
814866
750670
805256
369976
189234
297538
951214
688001
38060
942811
447577
712749
125765
628181
486861
513922
585328
579280
230531
85072
244079
773220
879694
593822
820167
658271
306855
37518
400421
526420
652235
852177
674991
661001
97574
258350
338702
117010
501141
255616
893266
395849
277384
629642
301583
936348
162642
866029
838024
405476
549443
646300
872323
164297
213684
260713
15359
930772
658122
376904
204009
754746
782767
552203
649954
10926
234673
947346
45249
943238
426638
38719
964921
144191
854765
899732
907400
574115
938446
887697
514549
24354
385655
556283
236979
620627
357765
440966
395490
541966
944150
45930
950446
580995
851140
233063
525370
922754
675644
448614
523431
162526
910499
250841
474327
288496
516387
494652
341296
876379
122709
394664
476732
790944
53607
712945
581944
271791
59259
615763
257674
309378
934013
109571
113598
98796
418134
250147
97065
942816
339302
726242
861639
850363
327135
773909
112658
791868
515796
327128
732146
505495
625806
815045
728254
825164
345700
759298
353098
89655
408592
131722
312526
489867
903309
625592
738073
766252
862060
90720
445731
746627
267676
823216
742581
91436
297827
996678
369755
293415
152165
642510
457845
922357
280567
264068
614242
429428
165571
209209
999683
316666
55455
915804
420307
565594
258289
581271
10956
543508
292210
406422
747039
84680
429176
247058
949933
64249
771090
928544
836158
302497
918881
643862
521914
725815
441149
661254
749723
438874
951364
624210
390904
529666
465583
918342
554458
246931
572877
738671
945688
745915
212331
605192
32881
258775
450235
219478
483167
542091
600640
880143
603459
721042
747302
278570
365729
134909
788602
398762
941659
756471
834115
430170
